12345
10000
0
0
12345
10000
0
0
12345
10000
0
0
12345
10000
0
0
12345
10000
0
0
12345
10000
0
0
12345
10000
0
0
12345
10000
0
0
12345
10000
0
0
12345
10000
0
0
12345
10000
0
0
12345
10000
0
0
12345
10000
0
0
12345
10000
0
0
12345
10000
0
0
12345
10000
0
0
12345
10000
0
0
12345
10000
0
0
12345
10000
0
0
12345
10000
0
0
12345
10000
0
0
12345
4000
0
0
12345
8000
0
0
12345
5000
40
100
409
100
0
0
40
100
12345
10300
0
0
50
100
509
100
509
100
50
100
50
100
509
100
509
100
50
100
50
100
509
100
509
100
50
100
50
100
0
0




