12345
10000
0
0
12345
10000
0
0
12345
10000
0
0
12345
10000
0
0
12345
10000
0
0
12345
10000
0
0
12345
10000
0
0
12345
10000
0
0
12345
10000
0
0
12345
10000
0
0
12345
10000
0
0
12345
10000
0
0
12345
10000
0
0
12345
10000
0
0
12345
10000
0
0
12345
10000
0
0
12345
10000
0
0
12345
10000
0
0
12345
3000
0
0
140
100
1409
100
309
100
30
100
30
100
309
100
309
100
30
100
30
100
309
100
309
100
30
100
30
100
309
100
309
100
30
100
30
100
309
100
309
100
30
100
30
100
309
100
309
100
30
100
30
100
309
100
309
100
30
100
30
100
309
100
309
100
30
100
30
100
309
100
309
100
30
100
30
100
309
100
309
100
30
100
30
100
309
100
309
100
30
100
30
100
309
100
309
100
30
100
30
100
309
100
309
100
30
100
30
100
309
100
309
100
30
100
1409
100
140
100
12345
4600
0
0
12345
10000
0
0
30
100
309
100
309
100
30
100
30
100
309
100
309
100
30
100
30
100
309
100
309
100
30
100
30
100
309
100
309
100
30
100
30
100
309
100
309
100
30
100
30
100
309
100
309
100
30
100
30
100
309
100
309
100
30
100
30
100
309
100
309
100
30
100
30
100
309
100
309
100
30
100
30
100
309
100
309
100
30
100
30
100
309
100
309
100
30
100
30
100
309
100
309
100
30
100
30
100
309
100
309
100
30
100
30
100
309
100
309
100
30
100
30
100
309
100
1409
100
140
100

