12345
10000
0
0
12345
10000
0
0
12345
10000
0
0
12345
10000
0
0
12345
10000
0
0
12345
10000
0
0
12345
10000
0
0
12345
10000
0
0
12345
10000
0
0
12345
10000
0
0
12345
10000
0
0
12345
10000
0
0
12345
10000
0
0
12345
10000
0
0
12345
10000
0
0
12345
2000
0
0
30
100
309
100
309
100
30
100
30
100
309
100
309
100
30
100
30
100
309
100
309
100
30
100
12345
10000
0
0
30
100
309
100
12345
3000
0
0
309
100
30
100
12345
6500
0
0
30
100
309
100
309
100
30
100
30
100
309
100
309
100
30
100
12345
3000
0
0
30
100
309
100
309
100
30
100
30
100
309
100
309
100
30
100
30
100
0
0
12345
2500
0
0
309
100
0
0
12345
2500
0
0
12345
5500
0
0
30
100
0
0
309
100
12345
7500
0
0
12345
8000
0
0
30
100
309
100
309
100
30
100
30
100
309
100
309
100
30
100
12345
1000
0
0




